4021
4149
3706
5892
4164
4447
4342
3869
5610
3636
4135
4565
4432
4350
3974
3618
3471
4488
3630
4076
3868
3541
4449
3770
4970
3945
5217
4639
3615
3579
4339
4336
4064
4703
4659
4716
4108
3484
3899
4097
4180
4370
4445
4264
5573
4340
3665
3206
3749
3400
3818
4039
4334
5146
4365
4229
3960
4604
3910
4401
3846
4088
3734
4889
3988
4823
4753
4220
4549
3452
4304
4428
3876
3656
4495
4479
5303
4506
3798
4256
4671
4219
3925
4618
5090
3775
3765
5124
3380
5003
5442
3721
3812
4712
3662
4528
4665
3922
4360
4177
3455
4713
3839
4860
4035
3876
4872
4649
3559
5075
4810
4347
3947
3756
3751
4041
4044
3635
3958
4231
4540
3817
4746
4491
3793
4905
4038
4223
3854
4299
3726
4592
4231
3989
4217
3216
4616
3940
4400
3188
4223
3602
4652
3772
4514
4611
4286
4741
4335
4499
4274
3662
4915
4702
3385
4317
3366
4268
4364
3367
4914
3640
3750
6611
3706
3553
3660
4641
3981
4079
4050
4054
4267
4012
4594
4114
3766
5234
3652
3891
3891
3971
4024
4412
3921
4680
3750
4187
3899
4409
4374
4611
3639
4136
4628
4530
3590
5977
4218
4464
3851
4336
5309
4818
4155
4855
5101
3850
4120
3595
4542
3656
3967
5351
3602
4395
4140
4290
4665
5623
4694
3297
3961
4297
3847
5766
4878
5196
4446
3378
5191
3979
4256
3956
3689
5181
3987
4466
3864
3829
3637
4008
3804
3923
4157
4591
5271
3547
4316
4327
3970
4369
4702
4380
4627
4031
3602
4716
4854
4984
5241
3843
4413
4206
4243
4035
4581
4160
4152
4684
5035
4205
3406
3595
4130
4746
3476
3562
3478
3495
4167
5083
3646
3367
4834
4079
3643
4925
4204
5306
4453
4044
3727
4366
4213
4981
3920
3789
4836
3822
4514
3823
3526
4597
4559
3841
3789
3819
4312
4145
4524
3581
4020
4040
4951
4191
5483
4622
3470
4799
4247
5397
5142
4146
3789
5206
3606
3419
3868
4773
4223
4117
3800
4628
4138
3808
3893
4187
3416
3714
3549
4730
4139
3920
4372
3752
4457
4454
4161
3616
4061
3818
3989
4609
6049
3807
3712
3778
4106
4991
4373
4251
4641
4819
3955
4949
3386
4798
4938
3727
3606
3590
3890
4743
3895
4361
4718
4356
4145
4816
4577
4263
4330
4073
4197
4226
5087
3538
3672
3599
4248
5042
4159
3372
4972
3526
3404
4394
3504
4505
3769
4091
4952
3847
4505
4162
4274
4285
4558
4212
3163
3754
3909
4449
3961
4243
3335
3996
5181
3512
4067
3552
3405
3775
3489
4011
3850
4782
3416
3650
3337
3943
3779
4203
4648
4154
3679
3799
3519
5071
3529
3988
4207
3945
4857
3692
3345
3964
4091
5579
4740
4112
4547
4731
4683
3854
4640
4208
4562
4051
3554
4634
3483
4285
3750
3794
4114
4587
3518
4097
3952
4486
4446
4627
4312
4738
4316
3659
3762
3375
5363
3996
5038
3152
4439
4429
5505
4377
3810
4419
4374
3516
4854
3550
4172
3692
4520
4150
3756
3760
3692
5056
3758
4029
3680
3998
4420
4740
3415
5183
4540
3808
3582
4753
4997
4536
4076
6057
4773
3921
4535
4006
4916
4790
4013
4003
3607
3887
5356
3924
3409
4092
3883
4374
4699
3536
4139
3916
3698
4773
4033
4780
4616
3959
4230
4436
4966
5177
3951
4183
4855
5053
3632
3384
4228
4108
4287
3971
3937
3521
4473
4209
4052
4019
3492
3917
4047
3262
4366
4828
4887
3603
4615
4387
3955
3882
4440
4064
3941
3344
4316
4571
4398
4944
3786
3730
3585
3876
4128
4882
3511
4950
4024
3760
5271
3449
3319
4409
3508
4346
3794
5188
4023
4632
4897
4419
4038
3930
4524
4709
4877
4558
4146
4056
3576
4132
4488
3795
4636
5131
4167
3885
4404
5348
4587
5257
4122
4311
4692
3954
4036
3851
3956
4385
3834
4961
4073
4198
4638
3960
4580
3743
3978
4320
4271
4268
4906
4089
3485
3771
4682
3799
4929
5375
3891
3495
4713
4845
4415
4123
3629
3931
3749
3290
4715
4305
3571
3406
4009
3459
4106
3421
4139
4491
3562
4175
3699
4386
3941
6488
4695
3658
4313
4042
3633
3738
4693
4250
3788
3965
4940
4504
4788
4022
3879
4106
4322
4042
3589
4766
5127
3966
6309
4455
4870
3889
4238
4191
5138
3649
3707
4382
4215
4254
3747
3659
4307
5493
3954
4586
4129
3323
4681
3817
3694
4567
3835
4343
3527
4175
3526
4675
3912
4993
3550
3999
5590
4492
4901
3944
4737
4016
3847
4848
3658
3572
3381
3751
4096
4045
3744
4503
3804
4634
4927
4265
4201
4079
5221
3994
4177
4703
3782
4128
4012
5608
3711
4744
4008
4823
4466
3836
3216
4553
4107
3637
3823
4010
4028
4567
4172
5387
3961
4633
3600
4705
3922
3899
4041
4271
3638
3852
3951
4199
4376
3737
4979
4249
3362
3649
4347
3725
3896
4662
3464
3842
4345
4978
3549
4468
4541
3949
4055
4750
3740
3701
4129
4944
4305
3470
4397
4803
3647
3503
4120
4904
5615
4463
4640
4359
4201
3868
3755
4633
4285
4220
4293
3484
4366
4540
4635
4382
3658
4093
3871
4917
3911
3871
3328
3374
4158
4231
4282
3830
4980
3498
3869
3654
6003
4252
4299
3804
4176
4372
4840
4894
4635
3715
3706
5248
4303
4658
3335
4438
4022
4529
5473
3940
4381
4394
4256
4004
3874
3961
3878
4066
4258
5446
4916
4319
4251
4215
4906
3621
6220
4130
4665
3960
4224
4423
4068
5343
3927
3789
4598
3862
4525
3931
4776
4025
4436
3466
4886
4812
4297
3897
4503
3931
4374
3432
4130
4974
3827
4671
4165
3778
5504
3855
4162
3999
3694
4126
3774
5891
4590
3462
3989
3767
4932
3934
4213
3985
4194
3418
3896
3717
5437
4214
4317
3750
3838
3988
4047
4619
3907
5322
4052
4775
4931
4012
4073
4391
3817
5261
4357
4151
3708
4584
4386
3923
4795
3803
3781
3567
4663
3668
3946
5024
4293
4580
4288
4663
4351
4400
5659
4073
3636
4158
3418
4755
3723
3918
4484
4705
5158
3787
4026
3721
4001
4305
